20427888;205319469;218009003;
23658705;256329260;488783071;
23658687;256328858;447563434;
23658687;447563434;256497817;
23658687;256497817;256329198;
23658647;205322497;1127718373;
23658647;1127718373;1127718383;
23658647;1127718383;256328713;
23658744;256329416;730314065;
23658744;730314065;256329483;
23658744;256329483;730891984;
23658744;730891984;733182259;
23658744;733182259;733182313;
23658744;733182313;733182040;
23658692;256328856;2508577995;
23658692;2508577995;447563432;
23658692;447563432;733182376;
23658692;733182376;734063502;
23658692;734063502;256497816;
23658692;256497816;256329234;
23658692;256329234;1118849913;
23658670;1127052283;1127052329;
23658670;1127052329;1127052461;
23658670;1127052461;3293540993;
23658670;3293540993;256328993;
23658670;256328993;1938438487;
23658670;1938438487;1938438483;
23658670;1938438483;256328994;
23658670;256328994;256329030;
23658670;256329030;256328995;
23658670;256328995;1127052729;
23658670;1127052729;1127052705;
23658670;1127052705;1127052578;
23658670;1127052578;1127052430;
23658901;256330931;489753387;
23658901;489753387;490185700;
23658901;490185700;256330932;
23658779;256329483;733182266;
23658779;733182266;733182324;
23658779;733182324;733181346;
23658779;733181346;256329486;
23658877;256498154;256330743;
23658877;256330743;256331294;
23658877;256331294;418349176;
23658877;418349176;256330738;
23658882;256330832;256331115;
23658882;256331115;256331291;
23658882;256331291;256330829;
23658882;256330829;256330799;
23686148;256490817;2463302256;
23686148;2463302256;2430462905;
23686148;2430462905;256491426;
23686148;256491426;1952697093;
23686148;1952697093;256331458;
23686148;256331458;1623055952;
23686148;1623055952;256490869;
23686148;256490869;2502277637;
23686148;2502277637;299470071;
23686148;299470071;733182085;
23686148;733182085;733182099;
23686148;733182099;256490871;
23686148;256490871;733182159;
23686148;733182159;733182174;
23686148;733182174;256498340;
23686148;256498340;256498148;
23686148;256498148;256490872;
23686148;256490872;418349175;
23686148;418349175;256328854;
23686879;418349706;256498523;
23686879;256498523;256498524;
23686879;256498524;256498525;
24279297;1127052335;256331120;
24279297;256331120;205322495;
24279297;205322495;205322497;
24279297;205322497;1127718351;
24279297;1127718351;491102950;
24279297;491102950;1127718374;
24279297;1127718374;205322498;
27022504;296217008;296216979;
23686838;418349175;1623055812;
23686838;1623055812;256498525;
23686838;256498525;418349176;
23686838;418349176;256498273;
23686829;256498152;1952697083;
23686829;1952697083;256498157;
23686829;256498157;256498158;
40504185;491102948;491102952;
40504185;491102952;491102950;
23658851;256330573;1127052715;
23658851;1127052715;490185702;
23658851;490185702;256331119;
23658851;256331119;256331182;
23658851;256331182;491102948;
23658851;491102948;256330570;
23658848;256330497;256329956;
23658848;256329956;256331290;
23658848;256331290;256331117;
23658848;256331117;418349006;
23658848;418349006;1127052261;
23658848;1127052261;256330503;
23658801;256329831;256330113;
23658801;256330113;256330829;
23658801;256330829;418349398;
23658801;418349398;256329956;
23658801;256329956;491102948;
40506687;256330570;256330497;
40506687;256330497;256330293;
40506687;256330293;256330799;
40506687;256330799;256330294;
23658844;256330495;256331116;
23658844;256331116;256330494;
23658844;256330494;418349398;
23658844;418349398;256330293;
23658844;256330293;256330611;
23658844;256330611;256330631;
23658844;256330631;256330493;
23658844;256330493;3864518488;
23658824;256330196;491133056;
23658824;491133056;256330570;
40508625;256330611;256330581;
58981261;730892032;730892020;
58981256;730891962;730891984;
20427684;218009003;2589592497;
20427684;2589592497;1127052413;
96592852;1118849523;1118850749;
40464997;1127052427;256328861;
40464997;256328861;1127052628;
40464997;1127052628;1118849393;
40464997;1118849393;1127052515;
40464997;1127052515;256328860;
40464997;256328860;1127052264;
40464997;1127052264;256330573;
40464997;256330573;256330503;
40464997;256330503;256328859;
40464997;256328859;1127052283;
97006923;1123890739;256329794;
97006927;1123890639;1123890739;
97306166;1127052264;1127052675;
97306166;1127052675;1127052711;
97306166;1127052711;1127052696;
97306145;256330503;1127052651;
97306145;1127052651;1127052622;
97306145;1127052622;1127052461;
97306162;1127052430;1127052302;
97306162;1127052302;1127052582;
97306162;1127052582;1127052413;
58741981;256330885;1127718372;
58741981;1127718372;205322498;
19789398;205322498;256330196;
19789398;256330196;1127718375;
19789398;1127718375;1111752083;
19789398;1111752083;256330632;
19789398;256330632;205322499;
19789398;205322499;256489993;
19789398;256489993;256330381;
19789398;256330381;4000117186;
19789398;4000117186;2496818342;
19789398;2496818342;256329634;
19789398;256329634;205322500;
19789398;205322500;205322501;
149309277;256331296;1623055816;
149309278;256490872;256331296;
149309278;256331296;256328853;
58981259;730892007;730892020;
58981259;730892020;730891999;
40504184;256330494;256331291;
40504184;256331291;256331292;
40504184;256331292;1118849523;
40504184;1118849523;256331293;
40504184;256331293;256331294;
40504184;256331294;256498524;
40504184;256498524;256331295;
40504184;256331295;256490872;
153978452;256330738;2508578001;
153978452;2508578001;256329260;
153978452;256329260;256329794;
153978452;256329794;256328856;
153978452;256328856;256330117;
310008391;733181640;730891962;
310008391;730891962;3153642374;
310008391;3153642374;3153642375;
310008391;3153642375;3153642376;
310008391;3153642376;1867753631;
310008391;1867753631;418349004;
310008391;418349004;1867753629;
310008391;1867753629;1508014026;
310008391;1508014026;3153642377;
310008391;3153642377;3153642378;
310008391;3153642378;3153642379;
310008391;3153642379;418349001;
149309274;256330117;1938438498;
149309274;1938438498;256328857;
149309274;256328857;1938438495;
149309274;1938438495;256328858;
149309274;256328858;1938438497;
149309274;1938438497;1127052283;
224411448;733182159;2332293265;
224411448;2332293265;2332293263;
224411448;2332293263;2332293262;
224411448;2332293262;2332319482;
224411448;2332319482;256498150;
224411448;256498150;2448587833;
224411448;2448587833;256498151;
224411448;256498151;256498152;
224411448;256498152;2501534997;
224411448;2501534997;418349706;
23658906;256330116;256330832;
23658906;256330832;256330495;
23658906;256330495;418349006;
23658919;256331182;256331290;
242714122;418349706;256498153;
242714122;256498153;2501689250;
242714122;2501689250;256498154;
242714122;256498154;256329790;
242714122;256329790;256498155;
242888804;256330702;256330703;
242888804;256330703;256330112;
242888804;256330112;256330443;
242888804;256330443;256329566;
242888804;256329566;256330630;
242888804;256330630;256330581;
242888804;256330581;256498155;
242888804;256498155;256330294;
242888804;256330294;256330113;
242888804;256330113;256331292;
242888804;256331292;256331008;
242888804;256331008;418349177;
242888804;418349177;256330116;
242888804;256330116;256330117;
243062415;1127052696;734057836;
243062415;734057836;2507209070;
243062415;2507209070;2507209072;
336745040;208867972;2459942015;
336745040;2459942015;256330932;
336745040;256330932;1127706256;
336745040;1127706256;205319469;
58741980;256328713;296217008;
58741980;296217008;1127718369;
58741980;1127718369;256330885;
20431455;1127052708;1127052578;
20431455;1127052578;256328861;
20431455;256328861;3654061918;
20431455;3654061918;1127052335;
149309263;1623055801;1123890718;
149309263;1123890718;256491959;
149309263;256491959;730892032;
149309263;730892032;2508578004;
149309263;2508578004;256328853;
149309263;256328853;256328854;
149309263;256328854;418349005;
149309263;418349005;1938177300;
149309263;1938177300;2508578003;
149309263;2508578003;256329416;
149309263;256329416;256330738;
97306118;1127052413;1127052667;
97306118;1127052667;1127052427;
344616114;256331119;3513665246;
23658911;256331119;256331117;
23658911;256331117;256331116;
23658911;256331116;256331115;
23658911;256331115;256331008;
345796153;256498154;418349879;
345796153;418349879;3164040888;
345796153;3164040888;2149654875;
345796154;418349177;1118850749;
345796154;1118850749;256498273;
23658798;1123890639;256498273;
23658798;256498273;256331293;
23658798;256331293;256329831;
23658798;256329831;256329790;
23658798;256329790;256330614;
23658798;256330614;2149654881;
23658798;2149654881;256329789;
23658798;256329789;2496817106;
23658798;2496817106;256330702;
23658798;256330702;256329633;
23658798;256329633;256331456;
23658798;256331456;2149654876;
23658798;2149654876;4000117189;
23658798;4000117189;205322504;
395892089;256328713;3989338967;
395892089;3989338967;208867972;
