1111752083;38.71352;-9.143651;-0.1595868;0.6756783
256330570;38.71309;-9.143585;-0.1595857;0.6756709
1118849913;38.70914;-9.145188;-0.1596137;0.675602
1118849393;38.71077;-9.143105;-0.1595773;0.6756304
1118849523;38.71179;-9.145035;-0.159611;0.6756482
256330494;38.71187;-9.1441;-0.1595947;0.6756496
256331117;38.71148;-9.143715;-0.1595879;0.6756428
256331291;38.71183;-9.144522;-0.159602;0.6756488
256331292;38.71179;-9.144904;-0.1596087;0.6756482
256331293;38.71179;-9.145405;-0.1596174;0.6756482
491102950;38.71245;-9.143108;-0.1595773;0.6756598
418349176;38.71138;-9.145884;-0.1596258;0.6756411
491102952;38.71245;-9.143194;-0.1595788;0.6756598
205322501;38.71542;-9.144875;-0.1596082;0.6757116
205322500;38.71532;-9.144749;-0.159606;0.6757098
205322499;38.71405;-9.14399;-0.1595927;0.6756877
205322495;38.71175;-9.142934;-0.1595743;0.6756475
205322497;38.71202;-9.142973;-0.159575;0.6756521
256328859;38.71072;-9.14386;-0.1595905;0.6756294
256328861;38.7107;-9.142991;-0.1595753;0.6756291
256328995;38.71042;-9.14334;-0.1595814;0.6756243
256328993;38.71046;-9.143792;-0.1595893;0.675625
256329198;38.70864;-9.144386;-0.1595996;0.6755932
256329234;38.70919;-9.145236;-0.1596145;0.6756029
256329633;38.71463;-9.145891;-0.1596259;0.6756977
256329483;38.71062;-9.146414;-0.159635;0.6756278
256329634;38.71516;-9.14466;-0.1596044;0.675707
256329790;38.71282;-9.145371;-0.1596168;0.6756662
256329789;38.71356;-9.145514;-0.1596193;0.675679
256330113;38.71235;-9.144968;-0.1596098;0.675658
256330117;38.7107;-9.145013;-0.1596106;0.6756293
256330112;38.71408;-9.145221;-0.1596142;0.6756881
256330116;38.71091;-9.144937;-0.1596093;0.6756329
256330381;38.71433;-9.144135;-0.1595953;0.6756925
256330493;38.71391;-9.144493;-0.1596015;0.6756852
256330614;38.71339;-9.145459;-0.1596184;0.6756762
256330630;38.71347;-9.14513;-0.1596126;0.6756775
256330631;38.71363;-9.144414;-0.1596001;0.6756804
256330632;38.71377;-9.143826;-0.1595899;0.6756828
256330743;38.71237;-9.145698;-0.1596225;0.6756583
256330702;38.71428;-9.14579;-0.1596241;0.6756917
256330832;38.71094;-9.144469;-0.1596011;0.6756333
256330885;38.71304;-9.142796;-0.1595719;0.6756701
256330932;38.71098;-9.142283;-0.1595629;0.675634
256331008;38.71141;-9.144848;-0.1596077;0.6756415
256331290;38.71191;-9.143724;-0.1595881;0.6756502
256331294;38.7118;-9.145802;-0.1596244;0.6756483
256331456;38.71507;-9.146036;-0.1596285;0.6757054
256331458;38.71503;-9.147627;-0.1596562;0.6757048
256490869;38.71411;-9.14749;-0.1596538;0.6756886
256491426;38.71539;-9.147725;-0.1596579;0.6757111
256497817;38.70942;-9.144409;-0.1596;0.6756069
256498151;38.71257;-9.146895;-0.1596434;0.6756618
256498150;38.71256;-9.147223;-0.1596492;0.6756616
256498148;38.71198;-9.147447;-0.1596531;0.6756515
256498340;38.71213;-9.147491;-0.1596538;0.6756541
256498524;38.71182;-9.146329;-0.1596335;0.6756487
256498525;38.71141;-9.146253;-0.1596322;0.6756417
296216979;38.71299;-9.142003;-0.1595581;0.6756691
299470071;38.71339;-9.147564;-0.1596551;0.6756762
418349398;38.7124;-9.144133;-0.1595952;0.6756588
256498157;38.71415;-9.146768;-0.1596412;0.6756894
256498158;38.71501;-9.146927;-0.159644;0.6757044
418349706;38.71275;-9.146279;-0.1596327;0.675665
418349879;38.71338;-9.145856;-0.1596253;0.6756759
256497816;38.70942;-9.145244;-0.1596146;0.6756067
447563432;38.71009;-9.145277;-0.1596152;0.6756186
447563434;38.71021;-9.144403;-0.1595999;0.6756207
256329486;38.7095;-9.14686;-0.1596428;0.6756082
730892007;38.71078;-9.148316;-0.1596682;0.6756306
733182099;38.71316;-9.147578;-0.1596554;0.6756721
733182174;38.71237;-9.147566;-0.1596551;0.6756583
733182324;38.71007;-9.146639;-0.159639;0.6756181
1127052264;38.71079;-9.143229;-0.1595794;0.6756307
1127052261;38.71079;-9.14372;-0.159588;0.6756308
1127052283;38.71071;-9.143937;-0.1595918;0.6756293
1127052302;38.71056;-9.142919;-0.159574;0.6756267
1127052329;38.71067;-9.143866;-0.1595906;0.6756286
1127052335;38.7108;-9.142974;-0.159575;0.675631
1127052413;38.71057;-9.142827;-0.1595724;0.6756269
1127052427;38.71065;-9.142932;-0.1595743;0.6756282
1127052430;38.71053;-9.142965;-0.1595749;0.6756263
1127052461;38.71061;-9.143826;-0.1595899;0.6756276
1127052515;38.71078;-9.143166;-0.1595783;0.6756306
1127052578;38.71051;-9.143022;-0.1595758;0.6756258
1127052582;38.71057;-9.142876;-0.1595733;0.6756269
1127052622;38.71067;-9.143825;-0.1595898;0.6756286
1127052651;38.71069;-9.143804;-0.1595895;0.6756291
1127052628;38.71074;-9.143043;-0.1595762;0.6756299
1127052667;38.71061;-9.1429;-0.1595737;0.6756276
1127052675;38.71075;-9.143256;-0.1595799;0.6756301
1127052696;38.71072;-9.143558;-0.1595852;0.6756294
1127052705;38.71049;-9.143055;-0.1595764;0.6756254
1127052729;38.71046;-9.143111;-0.1595774;0.675625
256329030;38.71038;-9.143524;-0.1595846;0.6756237
1127052708;38.7104;-9.143041;-0.1595762;0.675624
1127706256;38.71065;-9.142294;-0.1595631;0.6756282
1127718351;38.71209;-9.142996;-0.1595754;0.6756534
256330611;38.71335;-9.144329;-0.1595986;0.6756755
1127718372;38.71299;-9.143184;-0.1595787;0.6756691
1127718383;38.71205;-9.142438;-0.1595656;0.6756527
1127718369;38.71299;-9.142779;-0.1595716;0.6756692
256328713;38.71205;-9.142356;-0.1595642;0.6756527
733182376;38.70982;-9.145285;-0.1596153;0.6756139
256491959;38.71105;-9.148266;-0.1596674;0.6756353
733182259;38.7104;-9.146638;-0.1596389;0.675624
733182266;38.71037;-9.146512;-0.1596368;0.6756234
205322498;38.71296;-9.14328;-0.1595803;0.6756687
205322504;38.71572;-9.14622;-0.1596317;0.6757168
256490817;38.71611;-9.147832;-0.1596598;0.6757237
256330931;38.71112;-9.141722;-0.1595531;0.6756365
490185700;38.71099;-9.142228;-0.159562;0.6756343
489753387;38.71111;-9.141778;-0.1595541;0.6756363
256329566;38.71375;-9.145175;-0.1596134;0.6756824
1623055812;38.71139;-9.146867;-0.1596429;0.6756412
1623055816;38.71146;-9.147767;-0.1596587;0.6756425
1623055952;38.71451;-9.147532;-0.1596546;0.6756957
256331295;38.71182;-9.146688;-0.1596398;0.6756487
256331296;38.7115;-9.147608;-0.1596559;0.6756431
256490872;38.71159;-9.147283;-0.1596502;0.6756446
418349175;38.71136;-9.147199;-0.1596487;0.6756406
730891962;38.71066;-9.14722;-0.1596491;0.6756284
730891999;38.7107;-9.147539;-0.1596547;0.6756291
730892020;38.71072;-9.147728;-0.159658;0.6756295
730892032;38.71103;-9.14774;-0.1596582;0.6756349
733181346;38.70978;-9.146756;-0.159641;0.6756132
733181640;38.71071;-9.147181;-0.1596484;0.6756293
733182040;38.70986;-9.147131;-0.1596476;0.6756145
733182313;38.71011;-9.146919;-0.1596439;0.6756188
1508014026;38.71001;-9.147563;-0.1596551;0.6756171
734063502;38.7095;-9.145256;-0.1596148;0.6756082
1127718374;38.7129;-9.143248;-0.1595798;0.6756675
1127718375;38.7134;-9.143566;-0.1595853;0.6756763
418349001;38.7098;-9.147515;-0.1596543;0.6756135
256489993;38.71424;-9.144086;-0.1595944;0.6756909
296217008;38.71274;-9.142694;-0.1595701;0.6756647
1938177300;38.71096;-9.146787;-0.1596415;0.6756337
1123890718;38.71109;-9.14878;-0.1596763;0.6756361
256328853;38.71101;-9.147485;-0.1596537;0.6756346
256328854;38.71099;-9.147129;-0.1596475;0.6756343
256330738;38.71085;-9.145965;-0.1596272;0.6756317
256329416;38.71088;-9.146206;-0.1596314;0.6756323
1938438483;38.71038;-9.143697;-0.1595876;0.6756235
1938438487;38.71041;-9.143746;-0.1595885;0.6756241
1938438495;38.71065;-9.144669;-0.1596046;0.6756282
1938438497;38.71066;-9.144378;-0.1595995;0.6756285
488783071;38.71078;-9.145793;-0.1596242;0.6756306
256328856;38.71074;-9.145234;-0.1596144;0.6756299
256328857;38.71066;-9.144775;-0.1596064;0.6756284
256328858;38.71065;-9.144551;-0.1596025;0.6756282
256328860;38.71079;-9.143194;-0.1595788;0.6756307
256328994;38.71036;-9.143613;-0.1595861;0.6756232
256329260;38.71082;-9.145768;-0.1596238;0.6756312
256330573;38.71078;-9.143333;-0.1595813;0.6756306
1938438498;38.71069;-9.144947;-0.1596094;0.6756291
1952697093;38.71509;-9.147641;-0.1596565;0.6757059
2332293262;38.71211;-9.147325;-0.1596509;0.6756538
2332293263;38.71213;-9.14741;-0.1596524;0.6756542
2332293265;38.71239;-9.147499;-0.159654;0.6756587
733182159;38.71257;-9.147606;-0.1596558;0.6756618
2332319482;38.71215;-9.147236;-0.1596494;0.6756545
256498152;38.71257;-9.146825;-0.1596422;0.6756619
256498154;38.71279;-9.145756;-0.1596235;0.6756657
256498155;38.71285;-9.145043;-0.1596111;0.6756667
418349005;38.71098;-9.146996;-0.1596452;0.6756341
2149654876;38.71523;-9.14609;-0.1596294;0.6757083
2149654881;38.71343;-9.145471;-0.1596186;0.6756769
256330495;38.71097;-9.144098;-0.1595946;0.6756338
256490871;38.71268;-9.147625;-0.1596562;0.6756638
218009003;38.71049;-9.142366;-0.1595644;0.6756254
418349004;38.71027;-9.147481;-0.1596537;0.6756217
1867753629;38.71005;-9.147551;-0.1596549;0.6756179
1867753631;38.71029;-9.147468;-0.1596534;0.675622
2430462905;38.71584;-9.147791;-0.1596591;0.6757188
256329831;38.71233;-9.145309;-0.1596158;0.6756577
256329956;38.71242;-9.143747;-0.1595885;0.6756591
256330294;38.71275;-9.14503;-0.1596109;0.675665
256330581;38.71315;-9.14508;-0.1596117;0.6756719
256330829;38.71237;-9.144588;-0.1596032;0.6756583
256330293;38.71296;-9.144176;-0.159596;0.6756685
2448587833;38.71259;-9.147193;-0.1596486;0.6756621
256498153;38.71276;-9.146247;-0.1596321;0.6756652
256498523;38.7122;-9.14626;-0.1596324;0.6756553
2459942015;38.71161;-9.142253;-0.1595624;0.6756451
2463302256;38.71601;-9.147816;-0.1596595;0.6757218
256330443;38.71394;-9.145199;-0.1596138;0.6756857
2496817106;38.71366;-9.145548;-0.1596199;0.6756808
1952697083;38.71368;-9.146759;-0.1596411;0.6756812
256330703;38.71437;-9.14534;-0.1596163;0.6756932
256330497;38.71305;-9.143768;-0.1595889;0.6756701
256330503;38.71074;-9.14372;-0.159588;0.6756298
256331115;38.71144;-9.144489;-0.1596014;0.675642
256331116;38.71145;-9.144093;-0.1595945;0.6756423
256330799;38.71284;-9.144655;-0.1596043;0.6756665
733182085;38.71333;-9.147568;-0.1596552;0.675675
256331182;38.71193;-9.14337;-0.1595819;0.6756507
491102948;38.71244;-9.143438;-0.1595831;0.6756595
1127052715;38.71083;-9.143336;-0.1595813;0.6756314
256498273;38.71134;-9.14549;-0.1596189;0.6756403
490185702;38.71085;-9.143336;-0.1595813;0.6756319
734057836;38.71061;-9.14354;-0.1595849;0.6756275
1623055801;38.7111;-9.148874;-0.159678;0.6756361
730314065;38.71069;-9.146368;-0.1596342;0.675629
730891984;38.71048;-9.146566;-0.1596377;0.6756254
208867972;38.71168;-9.14223;-0.159562;0.6756463
1127052711;38.71074;-9.143329;-0.1595812;0.6756298
205319469;38.71059;-9.142307;-0.1595634;0.6756274
2149654875;38.71347;-9.146002;-0.1596278;0.6756776
256331119;38.7115;-9.143355;-0.1595817;0.6756431
256331120;38.71152;-9.142929;-0.1595742;0.6756436
418349006;38.711;-9.143712;-0.1595879;0.6756344
1123890639;38.71099;-9.145555;-0.1596201;0.6756343
418349177;38.71127;-9.144865;-0.159608;0.675639
1118850749;38.7113;-9.145117;-0.1596124;0.6756396
1123890739;38.71086;-9.145583;-0.1596205;0.675632
256329794;38.71079;-9.145599;-0.1596208;0.6756308
1127718373;38.71203;-9.142811;-0.1595722;0.6756524
2496818342;38.71476;-9.144407;-0.1596;0.6757
256330196;38.71313;-9.143383;-0.1595821;0.6756716
491133056;38.7131;-9.143528;-0.1595847;0.6756712
2589592497;38.71052;-9.142461;-0.159566;0.675626
2501534997;38.71273;-9.146339;-0.1596337;0.6756646
2501689250;38.71279;-9.145847;-0.1596251;0.6756656
2502277637;38.71351;-9.147552;-0.1596549;0.6756783
2507209070;38.71038;-9.143486;-0.1595839;0.6756235
2508577995;38.71015;-9.145273;-0.1596151;0.6756195
2508578001;38.71082;-9.145807;-0.1596244;0.6756313
2508578003;38.7109;-9.146312;-0.1596332;0.6756326
2508578004;38.71102;-9.147657;-0.1596567;0.6756348
2507209072;38.7103;-9.143483;-0.1595839;0.6756222
3153642374;38.71051;-9.147321;-0.1596509;0.6756259
3153642375;38.71045;-9.147368;-0.1596517;0.6756247
3153642376;38.71035;-9.147436;-0.1596529;0.675623
3153642377;38.70995;-9.147564;-0.1596551;0.675616
3153642378;38.7099;-9.147549;-0.1596548;0.6756153
3153642379;38.70983;-9.147527;-0.1596545;0.675614
3164040888;38.71347;-9.145877;-0.1596257;0.6756775
3293540993;38.71056;-9.143815;-0.1595897;0.6756268
3513665246;38.71152;-9.143025;-0.1595759;0.6756434
3654061918;38.71075;-9.142984;-0.1595752;0.67563
3864518488;38.71416;-9.144585;-0.1596031;0.6756896
3989338967;38.71177;-9.142242;-0.1595622;0.6756479
4000117186;38.71457;-9.144283;-0.1595978;0.6756966
4000117189;38.71565;-9.146203;-0.1596314;0.6757156
